 -0.500000000000000                   0
  -0.498406747229243   0.005554403280215
  -0.495063959499106   0.009232330367517
  -0.491425444319938   0.011947474510839
  -0.488119990559112   0.014148657744340
  -0.485124092681879   0.015917155388311
  -0.482396441936986   0.017324211228663
  -0.479895729573181   0.018441069051305
  -0.477580646839210   0.019338972642148
  -0.475409884983821   0.020089165787102
  -0.473342440825598   0.020762337276381
  -0.471352364156934   0.021401835715925
  -0.469435323533784   0.022011744315536
  -0.467588660418709   0.022593107843875
  -0.465809716274272   0.023146971069605
  -0.464095832563036   0.023674378761386
  -0.462444350747562   0.024176375687879
  -0.460852612290413   0.024654006617747
  -0.459317958654151   0.025108316319649
  -0.457837731301338   0.025540349562248
  -0.456409271694536   0.025951151114204
  -0.455029921296307   0.026341765744179
  -0.453697021569215   0.026713238220835
  -0.452407913975820   0.027066613312832
  -0.451159939978685   0.027402935788831
  -0.449950441040373   0.027723250417495
  -0.448776758623446   0.028028601967484
  -0.447636234190465   0.028320035207459
  -0.446526209203993   0.028598594906082
  -0.445444025126593   0.028865325832015
  -0.444387023420826   0.029121272753917
  -0.443352545549254   0.029367480440452
  -0.442337932974440   0.029604993660279
  -0.441340527158947   0.029834857182061
  -0.440357669565336   0.030058115774458
  -0.439386701656169   0.030275814206131
  -0.438424964894009   0.030488997245743
  -0.437469800741418   0.030698709661954
  -0.436518550660958   0.030905996223426
  -0.435568797980801   0.031111806944635
  -0.434619813741295   0.031316430655568
  -0.433671588050803   0.031519874481410
  -0.432724113681482   0.031722144503770
  -0.431777383405491   0.031923246804255
  -0.430831389994987   0.032123187464473
  -0.429886126222127   0.032321972566032
  -0.428941584859071   0.032519608190540
  -0.427997758677974   0.032716100419606
  -0.427054640450996   0.032911455334836
  -0.426112222950293   0.033105679017838
  -0.425170498948024   0.033298777550222
  -0.424229461216346   0.033490757013593
  -0.423289102527417   0.033681623489561
  -0.422349415653395   0.033871383059733
  -0.421410393366437   0.034060041805718
  -0.420472028438702   0.034247605809122
  -0.419534313642346   0.034434081151554
  -0.418597241749529   0.034619473914622
  -0.417660805532406   0.034803790179933
  -0.416724997763137   0.034987036029096
  -0.415789811213879   0.035169217543719
  -0.414855238656790   0.035350340805409
  -0.413921272864027   0.035530411895774
  -0.412987906607748   0.035709436896422
  -0.412055132660112   0.035887421888961
  -0.411122943793275   0.036064372954998
  -0.410191332779395   0.036240296176143
  -0.409260292390631   0.036415197634002
  -0.408329815399139   0.036589083410184
  -0.407399894577078   0.036761959586296
  -0.406470522696606   0.036933832243947
  -0.405541692529879   0.037104707464743
  -0.404613396849057   0.037274591330294
  -0.403685628426296   0.037443489922206
  -0.402758380033755   0.037611409322089
  -0.401831644443590   0.037778355611549
  -0.400905414427961   0.037944334872195
  -0.399979682759024   0.038109353185634
  -0.399054442208938   0.038273416633475
  -0.398129685549859   0.038436531297325
  -0.397205405553947   0.038598703258792
  -0.396281594993358   0.038759938599484
  -0.395358246640250   0.038920243401009
  -0.394435353266782   0.039079623744975
  -0.393512907645110   0.039238085712989
  -0.392590902547393   0.039395635386660
  -0.391669330745788   0.039552278847596
  -0.390748185012454   0.039708022177404
  -0.389827458119547   0.039862871457692
  -0.388907142839225   0.040016832770069
  -0.387987231943647   0.040169912196141
  -0.387067718204970   0.040322115817518
  -0.386148594395352   0.040473449715806
  -0.385229853286950   0.040623919972614
  -0.384311487651922   0.040773532669549
  -0.383393490262427   0.040922293888220
  -0.382475853890621   0.041070209710234
  -0.381558571308663   0.041217286217200
  -0.380641635288710   0.041363529490724
  -0.379725038602920   0.041508945612416
  -0.378808774023450   0.041653540663882
  -0.377892834322459   0.041797320726732
  -0.376977212272105   0.041940291882572
  -0.376061900644544   0.042082460213010
  -0.375146892211935   0.042223831799655
  -0.374232179746435   0.042364412724114
  -0.373317756020203   0.042504209067996
  -0.372403613805396   0.042643226912907
  -0.371489745874171   0.042781472340457
  -0.370576144998687   0.042918951432253
  -0.369662803951101   0.043055670269902
  -0.368749715503570   0.043191634935013
  -0.367836872428254   0.043326851509193
  -0.366924267497309   0.043461326074051
  -0.366011893482893   0.043595064711194
  -0.365099743157164   0.043728073502231
  -0.364187809292279   0.043860358528768
  -0.363276084660397   0.043991925872415
  -0.362364562033675   0.044122781614778
  -0.361453234184271   0.044252931837466
  -0.360542093884342   0.044382382622087
  -0.359631133906047   0.044511140050248
  -0.358720347021543   0.044639210203558
  -0.357809726002988   0.044766599163624
  -0.356899263622539   0.044893313012054
  -0.355988952652355   0.045019357830456
  -0.355078785864593   0.045144739700439
  -0.354168756031410   0.045269464703609
  -0.353258855924966   0.045393538921575
  -0.352349078317416   0.045516968435944
  -0.351439415980920   0.045639759328325
  -0.350529861687634   0.045761917680325
  -0.349620408209717   0.045883449573553
  -0.348711048319326   0.046004361089616
  -0.347801774788619   0.046124658310121
  -0.346892580389754   0.046244347316678
  -0.345983457894889   0.046363434190894
  -0.345074400076180   0.046481925014376
  -0.344165399705787   0.046599825868733
  -0.343256449555866   0.046717142835573
  -0.342347542398576   0.046833881996502
  -0.341438671006075   0.046950049433130
  -0.340529828150519   0.047065651227065
  -0.339621006604067   0.047180693459913
  -0.338712199138876   0.047295182213283
  -0.337803398527105   0.047409123568783
  -0.336894597540910   0.047522523608021
  -0.335985789203329   0.047635388078316
  -0.335076968673106   0.047747719881209
  -0.334168132188695   0.047859520479565
  -0.333259275996888   0.047970791325128
  -0.332350396344482   0.048081533869645
  -0.331441489478271   0.048191749564860
  -0.330532551645050   0.048301439862521
  -0.329623579091615   0.048410606214371
  -0.328714568064760   0.048519250072157
  -0.327805514811280   0.048627372887625
  -0.326896415577970   0.048734976112519
  -0.325987266611626   0.048842061198586
  -0.325078064159042   0.048948629597571
  -0.324168804467012   0.049054682761220
  -0.323259483782333   0.049160222141278
  -0.322350098351800   0.049265249189491
  -0.321440644422206   0.049369765357604
  -0.320531118240347   0.049473772097363
  -0.319621516053019   0.049577270860513
  -0.318711834107016   0.049680263098801
  -0.317802068649132   0.049782750263972
  -0.316892215926164   0.049884733807770
  -0.315982272184906   0.049986215181943
  -0.315072233672153   0.050087195838235
  -0.314162096634700   0.050187677228392
  -0.313251857319342   0.050287660804160
  -0.312341511972874   0.050387148017283
  -0.311431056842090   0.050486140319509
  -0.310520488173787   0.050584639162582
  -0.309609802214759   0.050682645998248
  -0.308698995211801   0.050780162278252
  -0.307788063411707   0.050877189454340
  -0.306877003061274   0.050973728978258
  -0.305965810407295   0.051069782301752
  -0.305054481696567   0.051165350876566
  -0.304143013175883   0.051260436154446
  -0.303231401092039   0.051355039587139
  -0.302319641691830   0.051449162626389
  -0.301407731222051   0.051542806723942
  -0.300495665929497   0.051635973331544
  -0.299583442060962   0.051728663900940
  -0.298671055863242   0.051820879883876
  -0.297758503583132   0.051912622732097
  -0.296845781467427   0.052003893897350
  -0.295932885762921   0.052094694831379
  -0.295019812716410   0.052185026985930
  -0.294106558574689   0.052274891812749
  -0.293193119584553   0.052364290763582
  -0.292279491992796   0.052453225290173
  -0.291365672046214   0.052541696844269
  -0.290451655991602   0.052629706877615
  -0.289537440075754   0.052717256841956
  -0.288623020545466   0.052804348189039
  -0.287708393647533   0.052890982370608
  -0.286793555628749   0.052977160838410
  -0.285878502735910   0.053062885044190
  -0.284963231215810   0.053148156439694
  -0.284047737315245   0.053232976476667
  -0.283132017281010   0.053317346606854
  -0.282216067359899   0.053401268282002
  -0.281299883798707   0.053484742953855
  -0.280383462844230   0.053567772074160
  -0.279466800743263   0.053650357094662
  -0.278549893742600   0.053732499467107
  -0.277632738089037   0.053814200643240
  -0.276715330029367   0.053895462074806
  -0.275797665810388   0.053976285213552
  -0.274879741678893   0.054056671511223
  -0.273961553881677   0.054136622419565
  -0.273043098665536   0.054216139390322
  -0.272124372277264   0.054295223875241
  -0.271205370963656   0.054373877326068
  -0.270286090971508   0.054452101194547
  -0.269366528547614   0.054529896932424
  -0.268446679938770   0.054607265991446
  -0.267526541391770   0.054684209823357
  -0.266606109153409   0.054760729879904
  -0.265685379470482   0.054836827612831
  -0.264764348589785   0.054912504473884
  -0.263843012758112   0.054987761914809
  -0.262921368222258   0.055062601387352
  -0.261999411229019   0.055137024343257
  -0.261077138025189   0.055211032234272
  -0.260154544857562   0.055284626512140
  -0.259231627972936   0.055357808628609
  -0.258308383618103   0.055430580035422
  -0.257384808039859   0.055502942184327
  -0.256460897485000   0.055574896527068
  -0.255536648200320   0.055646444515391
  -0.254612056432614   0.055717587601042
  -0.253687118428677   0.055788327235766
  -0.252761830435304   0.055858664871309
  -0.251836188699290   0.055928601959417
  -0.250910189467430   0.055998139951834
  -0.249983828986520   0.056067280300307
  -0.249057103503353   0.056136024456581
  -0.248130009264726   0.056204373872402
  -0.247202542517432   0.056272329999515
  -0.246274699508268   0.056339894289666
  -0.245346476484027   0.056407068194600
  -0.244417869691505   0.056473853166064
  -0.243488875377498   0.056540250655802
  -0.242559489788799   0.056606262115561
  -0.241629709172204   0.056671888997085
  -0.240699529774509   0.056737132752120
  -0.239768947842507   0.056801994832413
  -0.238837959622994   0.056866476689708
  -0.237906561362765   0.056930579775751
  -0.236974749308614   0.056994305542287
  -0.236042519707338   0.057057655441063
  -0.235109868805730   0.057120630923824
  -0.234176792850587   0.057183233442315
  -0.233243288088702   0.057245464448283
  -0.232309350766871   0.057307325393472
  -0.231374977131888   0.057368817729628
  -0.230440163430550   0.057429942908496
  -0.229504905909650   0.057490702381823
  -0.228569200815984   0.057551097601354
  -0.227633044396347   0.057611130018835
  -0.226696432897533   0.057670801086010
  -0.225759362566338   0.057730112254626
  -0.224821829649557   0.057789064976429
  -0.223883830393984   0.057847660703163
  -0.222945361046416   0.057905900886574
  -0.222006417853645   0.057963786978409
  -0.221066997062469   0.058021320430411
  -0.220127094919681   0.058078502694329
  -0.219186707672077   0.058135335221905
  -0.218245831566451   0.058191819464887
  -0.217304462849599   0.058247956875020
  -0.216362597768315   0.058303748904049
  -0.215420232569395   0.058359197003721
  -0.214477363499633   0.058414302625779
  -0.213533986805825   0.058469067221971
  -0.212590098734766   0.058523492244042
  -0.211645695533250   0.058577579143737
  -0.210700773448072   0.058631329372802
  -0.209755328726028   0.058684744382983
  -0.208809357613913   0.058737825626024
  -0.207862856358521   0.058790574553672
  -0.206915821206647   0.058842992617673
  -0.205968248405087   0.058895081269771
  -0.205020134200635   0.058946841961713
  -0.204071474840086   0.058998276145243
  -0.203122266570236   0.059049385272108
  -0.202172505637879   0.059100170794053
  -0.201222188289811   0.059150634162824
  -0.200271310772826   0.059200776830166
  -0.199319869333719   0.059250600247825
  -0.198367860219286   0.059300105867547
  -0.197415279676321   0.059349295141076
  -0.196462123951619   0.059398169520159
  -0.195508389291975   0.059446730456541
  -0.194554071944185   0.059494979401968
  -0.193599168155043   0.059542917808185
  -0.192643674171344   0.059590547126938
  -0.191687586239883   0.059637868809973
  -0.190730900607455   0.059684884309035
  -0.189773613520856   0.059731595075869
  -0.188815721226880   0.059778002562222
  -0.187857219972322   0.059824108219838
  -0.186898106566819   0.059869913302570
  -0.185938382192074   0.059915417527063
  -0.184978050075638   0.059960619890648
  -0.184017113456712   0.060005519386558
  -0.183055575574498   0.060050115008028
  -0.182093439668196   0.060094405748293
  -0.181130708977008   0.060138390600587
  -0.180167386740136   0.060182068558145
  -0.179203476196781   0.060225438614199
  -0.178238980586143   0.060268499761986
  -0.177273903147425   0.060311250994739
  -0.176308247119827   0.060353691305693
  -0.175342015742551   0.060395819688081
  -0.174375212254798   0.060437635135139
  -0.173407839895769   0.060479136640101
  -0.172439901904666   0.060520323196201
  -0.171471401520690   0.060561193796673
  -0.170502341983043   0.060601747434751
  -0.169532726530924   0.060641983103671
  -0.168562558403537   0.060681899796666
  -0.167591840840082   0.060721496506971
  -0.166620577079760   0.060760772227821
  -0.165648770361773   0.060799725952448
  -0.164676423925322   0.060838356674089
  -0.163703541009608   0.060876663385976
  -0.162730124853833   0.060914645081345
  -0.161756178697198   0.060952300753430
  -0.160781705778904   0.060989629395465
  -0.159806709338152   0.061026630000685
  -0.158831192614144   0.061063301562324
  -0.157855158846081   0.061099643073616
  -0.156878611273164   0.061135653527795
  -0.155901553134595   0.061171331918096
  -0.154923987669575   0.061206677237754
  -0.153945918117305   0.061241688480003
  -0.152967347716986   0.061276364638076
  -0.151988279707820   0.061310704705209
  -0.151008717329008   0.061344707674635
  -0.150028663819752   0.061378372539590
  -0.149048122419252   0.061411698293306
  -0.148067096366710   0.061444683929020
  -0.147085588901328   0.061477328439965
  -0.146103603262305   0.061509630819375
  -0.145121142688845   0.061541590060485
  -0.144138210420148   0.061573205156529
  -0.143154809695415   0.061604475100741
  -0.142170943753847   0.061635398886356
  -0.141186615834647   0.061665975506609
  -0.140201829177015   0.061696203954733
  -0.139216587020152   0.061726083223963
  -0.138230892603260   0.061755612307533
  -0.137244749165541   0.061784790198678
  -0.136258159946194   0.061813615890631
  -0.135271128184423   0.061842088376628
  -0.134283657119427   0.061870206649903
  -0.133295749990408   0.061897969703689
  -0.132307410036568   0.061925376531222
  -0.131318640497108   0.061952426125735
  -0.130329444611229   0.061979117480464
  -0.129339825618133   0.062005449588642
  -0.128349786757020   0.062031421443503
  -0.127359331267092   0.062057032038283
  -0.126368462387551   0.062082280366215
  -0.125377183357597   0.062107165420534
  -0.124385497416432   0.062131686194473
  -0.123393407803257   0.062155841681269
  -0.122400917757273   0.062179630874154
  -0.121408030517683   0.062203052766363
  -0.120414749323686   0.062226106351131
  -0.119421077414484   0.062248790621691
  -0.118427018029280   0.062271104571279
  -0.117432574407273   0.062293047193128
  -0.116437749787665   0.062314617480473
  -0.115442547409658   0.062335814426549
  -0.114446970512452   0.062356637024589
  -0.113451022335250   0.062377084267828
  -0.112454706117251   0.062397155149500
  -0.111458025097659   0.062416848662840
  -0.110460982515673   0.062436163801082
  -0.109463581610496   0.062455099557460
  -0.108465825621328   0.062473654925209
  -0.107467717787371   0.062491828897563
  -0.106469261347826   0.062509620467756
  -0.105470459541894   0.062527028629023
  -0.104471315608777   0.062544052374598
  -0.103471832787676   0.062560690697715
  -0.102472014317792   0.062576942591609
  -0.101471863438327   0.062592807049515
  -0.100471383388482   0.062608283064665
  -0.099470577407457   0.062623369630296
  -0.098469448734455   0.062638065739641
  -0.097468000608677   0.062652370385934
  -0.096466236269324   0.062666282562410
  -0.095464158955597   0.062679801262304
  -0.094461771906697   0.062692925478848
  -0.093459078361826   0.062705654205279
  -0.092456081560186   0.062717986434830
  -0.091452784740977   0.062729921160736
  -0.090449191143400   0.062741457376230
  -0.089445304006658   0.062752594074548
  -0.088441126569951   0.062763330248924
  -0.087436662072480   0.062773664892591
  -0.086431913753447   0.062783596998785
  -0.085426884852054   0.062793125560740
  -0.084421578607501   0.062802249571689
  -0.083415998258989   0.062810968024868
  -0.082410147045721   0.062819279913511
  -0.081404028206897   0.062827184230852
  -0.080397644981719   0.062834679970125
  -0.079391000609387   0.062841766124565
  -0.078384098329104   0.062848441687406
  -0.077376941380070   0.062854705651883
  -0.076369533001487   0.062860557011229
  -0.075361876432556   0.062865994758680
  -0.074353974912478   0.062871017887469
  -0.073345831680455   0.062875625390831
  -0.072337449975688   0.062879816262000
  -0.071328833037378   0.062883589494211
  -0.070319984104726   0.062886944080698
  -0.069310906416935   0.062889879014695
  -0.068301603213204   0.062892393289436
  -0.067292077732736   0.062894485898157
  -0.066282333214731   0.062896155834091
  -0.065272372898392   0.062897402090472
  -0.064262200022918   0.062898223660536
  -0.063251817827513   0.062898619537516
  -0.062241229551376   0.062898588714646
  -0.061230438433709   0.062898130185162
  -0.060219447713713   0.062897242942297
  -0.059208260630590   0.062895925979286
  -0.058196880423541   0.062894178289363
  -0.057185310331768   0.062891998865762
  -0.056173553594471   0.062889386701718
  -0.055161613450852   0.062886340790465
  -0.054149493140112   0.062882860125238
  -0.053137195901452   0.062878943699271
  -0.052124724974074   0.062874590505797
  -0.051112083597179   0.062869799538053
  -0.050099275009968   0.062864569789271
  -0.049086302451643   0.062858900252686
  -0.048073169161405   0.062852789921533
  -0.047059878378455   0.062846237789046
  -0.046046433341995   0.062839242848460
  -0.045032837291225   0.062831804093008
  -0.044019093465347   0.062823920515924
  -0.043005205103562   0.062815591110445
  -0.041991175445072   0.062806814869802
  -0.040977007729078   0.062797590787232
  -0.039962705194782   0.062787917855968
  -0.038948271081383   0.062777795069245
  -0.037933708628085   0.062767221420297
  -0.036919021074087   0.062756195902359
  -0.035904211658592   0.062744717508664
  -0.034889283620801   0.062732785232447
  -0.033874240199914   0.062720398066943
  -0.032859084635134   0.062707555005386
  -0.031843820165661   0.062694255041009
  -0.030828450030697   0.062680497167049
  -0.029812977469443   0.062666280376738
  -0.028797405721100   0.062651603663311
  -0.027781738024870   0.062636466020003
  -0.026765977619954   0.062620866440048
  -0.025750127745553   0.062604803916680
  -0.024734191640869   0.062588277443133
  -0.023718172545102   0.062571286012643
  -0.022702073697455   0.062553828618443
  -0.021685898337128   0.062535904253767
  -0.020669649703323   0.062517511911851
  -0.019653331035241   0.062498650585927
  -0.018636945572083   0.062479319269232
  -0.017620496553050   0.062459516954998
  -0.016603987217345   0.062439242636461
  -0.015587420804167   0.062418495306855
  -0.014570800552719   0.062397273959414
  -0.013554129702202   0.062375577587372
  -0.012537411491816   0.062353405183964
  -0.011520649160764   0.062330755742424
  -0.010503845948247   0.062307628255986
  -0.009487005093465   0.062284021717886
  -0.008470129835621   0.062259935121356
  -0.007453223413915   0.062235367459632
  -0.006436289067549   0.062210317725948
  -0.005419330035724   0.062184784913538
  -0.004402349557641   0.062158768015637
  -0.003385350872502   0.062132266025478
  -0.002368337219507   0.062105277936297
  -0.001351311837859   0.062077802741328
  -0.000334277966758   0.062049839433804
   0.000682761175515   0.062021387010396
   0.001699804498577   0.061992444817130
   0.002716854843737   0.061963012845538
   0.003733915477183   0.061933091156909
   0.004750989665103   0.061902679812531
   0.005768080673687   0.061871778873695
   0.006785191769124   0.061840388401687
   0.007802326217603   0.061808508457798
   0.008819487285313   0.061776139103316
   0.009836678238442   0.061743280399529
   0.010853902343180   0.061709932407728
   0.011871162865716   0.061676095189199
   0.012888463072239   0.061641768805233
   0.013905806228938   0.061606953317118
   0.014923195602002   0.061571648786143
   0.015940634457620   0.061535855273597
   0.016958126061980   0.061499572840768
   0.017975673681273   0.061462801548946
   0.018993280581686   0.061425541459418
   0.020010950029409   0.061387792633475
   0.021028685290631   0.061349555132404
   0.022046489631541   0.061310829017495
   0.023064366318328   0.061271614350037
   0.024082318617181   0.061231911191318
   0.025100349794289   0.061191719602626
   0.026118463115841   0.061151039645252
   0.027136661848026   0.061109871380484
   0.028154949257033   0.061068214869609
   0.029173328609051   0.061026070173919
   0.030191803170268   0.060983437354700
   0.031210376206875   0.060940316473242
   0.032229050985060   0.060896707590835
   0.033247830771012   0.060852610768765
   0.034266718830920   0.060808026068324
   0.035285718430973   0.060762953550798
   0.036304832837359   0.060717393277477
   0.037324065316269   0.060671345309651
   0.038343419133891   0.060624809708607
   0.039362897556415   0.060577786535634
   0.040382503850028   0.060530275852022
   0.041402241280920   0.060482277719059
   0.042422113115280   0.060433792198034
   0.043442122619298   0.060384819350236
   0.044462273059161   0.060335359236953
   0.045482567701060   0.060285411919475
   0.046503009811182   0.060234977459090
   0.047523602655718   0.060184055917087
   0.048544349500856   0.060132647354754
   0.049565253612785   0.060080751833382
   0.050586318257695   0.060028369414258
   0.051607546701773   0.059975500158671
   0.052628942211210   0.059922144127911
   0.053650508052193   0.059868301383265
   0.054672247490913   0.059813971986023
   0.055694163793558   0.059759155997474
   0.056716260226318   0.059703853478906
   0.057738540055380   0.059648064491608
   0.058761006546935   0.059591789096869
   0.059783662967171   0.059535027355978
   0.060806512582277   0.059477779330224
   0.061829558658442   0.059420045080895
   0.062852804461856   0.059361824669281
   0.063876253258706   0.059303118156670
   0.064899908315184   0.059243925604350
   0.065923772897476   0.059184247073611
   0.066947850271773   0.059124082625742
   0.067972143704263   0.059063432322032
   0.068996656461135   0.059002296223768
   0.070021391808578   0.058940674392241
   0.071046353012782   0.058878566888738
   0.072071543339935   0.058815973774549
   0.073096966056226   0.058752895110962
   0.074122624427845   0.058689330959267
   0.075148521720980   0.058625281380752
   0.076174661201821   0.058560746436705
   0.077201046136555   0.058495726188417
   0.078227679791373   0.058430220697175
   0.079254565432464   0.058364230024268
   0.080281706326016   0.058297754230985
   0.081309105738218   0.058230793378616
   0.082336766935260   0.058163347528448
   0.083364693183329   0.058095416741771
   0.084392887748617   0.058027001079873
   0.085421353897311   0.057958100604044
   0.086450094895600   0.057888715375572
   0.087479114009673   0.057818845455745
   0.088508414505720   0.057748490905854
   0.089537999649930   0.057677651787186
   0.090567872708491   0.057606328161030
   0.091598036947592   0.057534520088675
   0.092628495633423   0.057462227631410
   0.093659252032172   0.057389450850525
   0.094690309410029   0.057316189807306
   0.095721671033182   0.057242444563044
   0.096753340167821   0.057168215179028
   0.097785320080135   0.057093501716545
   0.098817614036311   0.057018304236886
   0.099850225302541   0.056942622801338
   0.100883157145011   0.056866457471190
   0.101916412829913   0.056789808307732
   0.102949995623434   0.056712675372252
   0.103983908791763   0.056635058726040
   0.105018155601090   0.056556958430382
   0.106052739317604   0.056478374546570
   0.107087663207493   0.056399307135891
   0.108122930536946   0.056319756259634
   0.109158544572154   0.056239721979088
   0.110194508579304   0.056159204355542
   0.111230825824585   0.056078203450285
   0.112267499574187   0.055996719324605
   0.113304533094299   0.055914752039791
   0.114341929651109   0.055832301657133
   0.115379692510807   0.055749368237919
   0.116417824939582   0.055665951843437
   0.117456330203622   0.055582052534977
   0.118495211569117   0.055497670373827
   0.119534472302255   0.055412805421277
   0.120574115669227   0.055327457738614
   0.121614144936219   0.055241627387129
   0.122654563369423   0.055155314428109
   0.123695374235026   0.055068518922844
   0.124736580799218   0.054981240932622
   0.125778186328188   0.054893480518732
   0.126820194088124   0.054805237742463
   0.127862607345217   0.054716512665103
   0.128905429365653   0.054627305347943
   0.129948663415624   0.054537615852269
   0.130992312761317   0.054447444239372
   0.132036380668922   0.054356790570540
   0.133080870404628   0.054265654907062
   0.134125785234624   0.054174037310226
   0.135171128425098   0.054081937841322
   0.136216903242241   0.053989356561639
   0.137263112952240   0.053896293532464
   0.138309760821284   0.053802748815087
   0.139356850115564   0.053708722470797
   0.140404384101267   0.053614214560883
   0.141452366044583   0.053519225146632
   0.142500799211702   0.053423754289336
   0.143549686868811   0.053327802050281
   0.144599032282099   0.053231368490757
   0.145648838717757   0.053134453672052
   0.146699109441972   0.053037057655456
   0.147749847720935   0.052939180502257
   0.148801056820833   0.052840822273745
   0.149852740007856   0.052741983031207
   0.150904900548193   0.052642662835933
   0.151957541708033   0.052542861749212
   0.153010666753565   0.052442579832332
   0.154064278950977   0.052341817146582
   0.155118381566460   0.052240573753251
   0.156172977866202   0.052138849713628
   0.157228071116391   0.052036645089001
   0.158283664583218   0.051933959940660
   0.159339761532870   0.051830794329894
   0.160396365231537   0.051727148317990
   0.161453478945409   0.051623021966238
   0.162511105940673   0.051518415335927
   0.163569249483519   0.051413328488346
   0.164627912840137   0.051307761484782
   0.165687099276714   0.051201714386526
   0.166746812059440   0.051095187254866
   0.167807054454505   0.050988180151091
   0.168867829728096   0.050880693136490
   0.169929141146403   0.050772726272350
   0.170990991975616   0.050664279619962
   0.172053385481922   0.050555353240615
   0.173116324931512   0.050445947195596
   0.174179813590573   0.050336061546194
   0.175243854725296   0.050225696353699
   0.176308451601869   0.050114851679400
   0.177373607486481   0.050003527584585
   0.178439325645321   0.049891724130542
   0.179505609344578   0.049779441378562
   0.180572461850441   0.049666679389932
   0.181639886429099   0.049553438225941
   0.182707886346741   0.049439717947879
   0.183776464869557   0.049325518617034
   0.184845625263734   0.049210840294694
   0.185915370795463   0.049095683042150
   0.186985704730932   0.048980046920688
   0.188056630336330   0.048863931991600
   0.189128150877846   0.048747338316172
   0.190200269621670   0.048630265955694
   0.191272989833990   0.048512714971455
   0.192346314780994   0.048394685424744
   0.193420247728873   0.048276177376848
   0.194494791943816   0.048157190889059
   0.195569950679871   0.048037726024355
   0.196645724905473   0.047917783164307
   0.197722110624098   0.047797363382541
   0.198799103187806   0.047676467843485
   0.199876697948656   0.047555097711566
   0.200954890258707   0.047433254151211
   0.202033675470018   0.047310938326848
   0.203113048934648   0.047188151402903
   0.204193006004657   0.047064894543803
   0.205273542032103   0.046941168913977
   0.206354652369046   0.046816975677850
   0.207436332367545   0.046692315999851
   0.208518577379659   0.046567191044406
   0.209601382757447   0.046441601975943
   0.210684743852967   0.046315549958888
   0.211768656018281   0.046189036157670
   0.212853114605445   0.046062061736715
   0.213938114966520   0.045934627860450
   0.215023652453565   0.045806735693302
   0.216109722418639   0.045678386399699
   0.217196320213800   0.045549581144069
   0.218283441191109   0.045420321090837
   0.219371080702623   0.045290607404432
   0.220459234100403   0.045160441249280
   0.221547896736507   0.045029823789808
   0.222637063962995   0.044898756190445
   0.223726731131926   0.044767239615617
   0.224816893595358   0.044635275229750
   0.225907546705351   0.044502864197274
   0.226998685813964   0.044370007682613
   0.228090306273256   0.044236706850197
   0.229182403435287   0.044102962864452
   0.230274972652114   0.043968776889804
   0.231368009275799   0.043834150090682
   0.232461508658399   0.043699083631513
   0.233555466151973   0.043563578676723
   0.234649877108582   0.043427636390741
   0.235744736880283   0.043291257937992
   0.236840040819137   0.043154444482905
   0.237935784277202   0.043017197189906
   0.239031962606537   0.042879517223422
   0.240128571159201   0.042741405747882
   0.241225605287255   0.042602863927711
   0.242323060342756   0.042463892927338
   0.243420931677763   0.042324493911190
   0.244519214644337   0.042184668043692
   0.245617904594536   0.042044416489274
   0.246716996880419   0.041903740412361
   0.247816486854045   0.041762640977382
   0.248916369867474   0.041621119348763
   0.250016641272765   0.041479176690932
   0.251117296421976   0.041336814168315
   0.252218330667167   0.041194032945340
   0.253319739360397   0.041050834186434
   0.254421517853725   0.040907219056025
   0.255523661499210   0.040763188718539
   0.256626165648911   0.040618744338403
   0.257729025654888   0.040473887080046
   0.258832236869199   0.040328618107893
   0.259935794643905   0.040182938586373
   0.261039694331063   0.040036849679912
   0.262143931282732   0.039890352552938
   0.263248500850973   0.039743448369877
   0.264353398387844   0.039596138295157
   0.265458619245405   0.039448423493206
   0.266564158775713   0.039300305128450
   0.267670012330830   0.039151784365316
   0.268776175262813   0.039002862368232
   0.269882642923721   0.038853540301625
   0.270989410665615   0.038703819329922
   0.272096473840553   0.038553700617550
   0.273203827800594   0.038403185328937
   0.274311467897797   0.038252274628509
   0.275419389484221   0.038100969680695
   0.276527587911926   0.037949271649920
   0.277636058532971   0.037797181700612
   0.278744796699415   0.037644700997199
   0.279853797763316   0.037491830704107
   0.280963057076734   0.037338571985764
   0.282072569991729   0.037184926006597
   0.283182331860359   0.037030893931034
   0.284292338034683   0.036876476923500
   0.285402583866760   0.036721676148424
   0.286513064708651   0.036566492770233
   0.287623775912413   0.036410927953354
   0.288734712830105   0.036254982862213
   0.289845870813788   0.036098658661239
   0.290957245215520   0.035941956514859
   0.292068831387361   0.035784877587499
   0.293180624681368   0.035627423043586
   0.294292620449602   0.035469594047549
   0.295404814044122   0.035311391763814
   0.296517200816986   0.035152817356809
   0.297629776120254   0.034993871990960
   0.298742535305986   0.034834556830694
   0.299855473726239   0.034674873040440
   0.300968586733074   0.034514821784624
   0.302081869678549   0.034354404227673
   0.303195317914723   0.034193621534014
   0.304308926793656   0.034032474868076
   0.305422691667406   0.033870965394284
   0.306536607888034   0.033709094277066
   0.307650670807597   0.033546862680849
   0.308764875778156   0.033384271770061
   0.309879218151769   0.033221322709129
   0.310993693280495   0.033058016662479
   0.312108296516393   0.032894354794539
   0.313223023211523   0.032730338269737
   0.314337868717944   0.032565968252499
   0.315452828387714   0.032401245907252
   0.316567897572894   0.032236172398425
   0.317683071625542   0.032070748890443
   0.318798345897716   0.031904976547734
   0.319913715741477   0.031738856534725
   0.321029176508884   0.031572390015844
   0.322144723551995   0.031405578155518
   0.323260352222870   0.031238422118174
   0.324376057873567   0.031070923068238
   0.325491835856147   0.030903082170139
   0.326607681522667   0.030734900588303
   0.327723590225188   0.030566379487158
   0.328839557315768   0.030397520031131
   0.329955578146466   0.030228323384649
   0.331071648069342   0.030058790712139
   0.332187762436454   0.029888923178028
   0.333303916599862   0.029718721946744
   0.334420105911626   0.029548188182713
   0.335536325723803   0.029377323050364
   0.336652571388453   0.029206127714122
   0.337768838257636   0.029034603338416
   0.338885121683410   0.028862751087672
   0.340001417017834   0.028690572126318
   0.341117719612968   0.028518067618781
   0.342234024820871   0.028345238729488
   0.343350327993602   0.028172086622866
   0.344466624483220   0.027998612463343
   0.345582909641784   0.027824817415345
   0.346699178821353   0.027650702643300
   0.347815427373987   0.027476269311635
   0.348931650651743   0.027301518584777
   0.350047844006683   0.027126451627154
   0.351164002790865   0.026951069603192
   0.352280122356347   0.026775373677318
   0.353396198055189   0.026599365013961
   0.354512225239450   0.026423044777547
   0.355628199261190   0.026246414132503
   0.356744115472467   0.026069474243256
   0.357859969225340   0.025892226274235
   0.358975755871869   0.025714671389865
   0.360091470764113   0.025536810754574
   0.361207109254131   0.025358645532789
   0.362322666693981   0.025180176888938
   0.363438138435724   0.025001405987447
   0.364553519831418   0.024822333992744
   0.365668806233122   0.024642962069256
   0.366783992992895   0.024463291381411
   0.367899075462798   0.024283323093634
   0.369014048994887   0.024103058370354
   0.370128908941224   0.023922498375998
   0.371243650653867   0.023741644274993
   0.372358269484146   0.023560497231722
   0.373472757510230   0.023379058212700
   0.374587096012293   0.023197327531687
   0.375701264046984   0.023015305368026
   0.376815240670953   0.022832991901061
   0.377929004940848   0.022650387310136
   0.379042535913320   0.022467491774594
   0.380155812645017   0.022284305473780
   0.381268814192589   0.022100828587036
   0.382381519612684   0.021917061293707
   0.383493907961953   0.021733003773136
   0.384605958297044   0.021548656204667
   0.385717649674607   0.021364018767644
   0.386828961151292   0.021179091641410
   0.387939871783746   0.020993875005309
   0.389050360628620   0.020808369038685
   0.390160406742562   0.020622573920881
   0.391269989182223   0.020436489831241
   0.392379087004251   0.020250116949109
   0.393487679265296   0.020063455453829
   0.394595745022007   0.019876505524744
   0.395703263331032   0.019689267341198
   0.396810213249023   0.019501741082534
   0.397916573832627   0.019313926928097
   0.399022324138494   0.019125825057229
   0.400127443223273   0.018937435649276
   0.401231910143614   0.018748758883580
   0.402335703956166   0.018559794939485
   0.403438803717577   0.018370543996335
   0.404541188484499   0.018181006233473
   0.405642837313578   0.017991181830243
   0.406743729261466   0.017801070965990
   0.407843843384811   0.017610673820056
   0.408943158740262   0.017419990571785
   0.410041654384470   0.017229021400522
   0.411139309374082   0.017037766485609
   0.412236102765748   0.016846226006390
   0.413332013616118   0.016654400142210
   0.414427020981841   0.016462289072411
   0.415521103919566   0.016269892976338
   0.416614241485942   0.016077212033334
   0.417706412737619   0.015884246422743
   0.418797596731246   0.015690996323908
   0.419887772523472   0.015497461916174
   0.420976919170946   0.015303643378884
   0.422065015730318   0.015109540891381
   0.423152041258238   0.014915154633010
   0.424237974811353   0.014720484783114
   0.425322795446314   0.014525531521037
   0.426406482219770   0.014330295026122
   0.427489014188370   0.014134775477714
   0.428570370408763   0.013938973055155
   0.429650529937599   0.013742887937790
   0.430729471831527   0.013546520304962
   0.431807175147196   0.013349870336015
   0.432883618941256   0.013152938210293
   0.433958782270355   0.012955724107139
   0.435032644191143   0.012758228205897
   0.436105183760270   0.012560450685911
   0.437176380034384   0.012362391726525
   0.438246212070135   0.012164051507082
   0.439314658924172   0.011965430206925
   0.440381699082960   0.011766528147991
   0.441447222484248   0.011567367796465
   0.442510935417104   0.011368017545373
   0.443572521344489   0.011168551496088
   0.444631663729361   0.010969043749985
   0.445688046034679   0.010769568408439
   0.446741351723404   0.010570199572824
   0.447791264258495   0.010371011344515
   0.448837467102911   0.010172077824886
   0.449879643719610   0.009973473115313
   0.450917477571554   0.009775271317169
   0.451950652121701   0.009577546531830
   0.452978850833011   0.009380372860670
   0.454001757168443   0.009183824405063
   0.455019054590955   0.008987975266385
   0.456030426563509   0.008792899546009
   0.457035556549063   0.008598671345310
   0.458034128010577   0.008405364765664
   0.459025824411009   0.008213053908444
   0.460010329213320   0.008021812875025
   0.460987325880468   0.007831715766782
   0.461956497875414   0.007642836685090
   0.462917528661116   0.007455249731322
   0.463870101700535   0.007269029006854
   0.464813900456628   0.007084248613060
   0.465748608392356   0.006900982651315
   0.466673908970679   0.006719305222993
   0.467589485654555   0.006539290429469
   0.468495021906943   0.006361012372118
   0.469390201190804   0.006184545152314
   0.470274706969097   0.006009962871432
   0.471148222704781   0.005837339630846
   0.472010431860816   0.005666749531932
   0.472861017900160   0.005498266676063
   0.473699664285773   0.005331965164614
   0.474526054480616   0.005167919098959
   0.475339871947646   0.005006202580475
   0.476140800149824   0.004846889710534
   0.476928522550108   0.004690054590512
   0.477702722611459   0.004535771321783
   0.478463083796835   0.004384114005722
   0.479209289569197   0.004235156743703
   0.479941023391503   0.004088973637102
   0.480657968726713   0.003945638787292
   0.481359809037786   0.003805226295648
   0.482046227787681   0.003667810263545
   0.482716908439359   0.003533464792358
   0.483371545344377   0.003402261503941
   0.484010098563168   0.003274211513715
   0.484632802636498   0.003149263433256
   0.485239904748605   0.003027362995004
   0.485831652083728   0.002908455931401
   0.486408291826107   0.002792487974888
   0.486970071159981   0.002679404857905
   0.487517237269588   0.002569152312895
   0.488050037339167   0.002461676072297
   0.488568718552958   0.002356921868553
   0.489073528095200   0.002254835434105
   0.489564713150131   0.002155362501392
   0.490042520901990   0.002058448802857
   0.490507198535016   0.001964040070941
   0.490958993233449   0.001872082038084
   0.491398152181527   0.001782520436728
   0.491824922563489   0.001695300999313
   0.492239551563575   0.001610369458281
   0.492642286366023   0.001527671546074
   0.493033374155072   0.001447152995131
   0.493413062114961   0.001368759537894
   0.493781597429929   0.001292436906804
   0.494139227284216   0.001218130834303
   0.494486198862059   0.001145787052831
   0.494822759347699   0.001075351294830
   0.495149155925374   0.001006769292740
   0.495465635779323   0.000939986779003
   0.495772446093785   0.000874949486059
   0.496069834052999   0.000811603146351
   0.496358046841203   0.000749893492318
   0.496637331592294   0.000689766311037
   0.496907903431732   0.000631202125824
   0.497169890647398   0.000574275698008
   0.497423406942558   0.000519077616455
   0.497668566020479   0.000465698470030
   0.497905481584427   0.000414228847600
   0.498134267337670   0.000364759338029
   0.498355036983475   0.000317380530182
   0.498567904225108   0.000272183012926
   0.498772982765836   0.000229257375127
   0.498970386308925   0.000188694205648
   0.499160228557643   0.000150584093357
   0.499342623215257   0.000115017627118
   0.499517683985032   0.000082085395798
   0.499685524570237   0.000051877988261
   0.499846258674137   0.000024485993373
 0.500000000000000                   0
   0.498985007441072   0.000058661884696
   0.497969969344145   0.000115789085815
   0.496954886549025   0.000171388226491
   0.495939759895518   0.000225465929860
   0.494924590223432   0.000278028819054
   0.493909378372573   0.000329083517209
   0.492894125182747   0.000378636647457
   0.491878831493762   0.000426694832935
   0.490863498145423   0.000473264696774
   0.489848125977538   0.000518352862111
   0.488832715829912   0.000561965952078
   0.487817268542354   0.000604110589811
   0.486801784954668   0.000644793398443
   0.485786265906663   0.000684021001108
   0.484770712238143   0.000721800020941
   0.483755124788917   0.000758137081076
   0.482739504398791   0.000793038804646
   0.481723851907571   0.000826511814787
   0.480708168155064   0.000858562734632
   0.479692453981076   0.000889198187315
   0.478676710225415   0.000918424795971
   0.477660937727886   0.000946249183733
   0.476645137328297   0.000972677973737
   0.475629309866453   0.000997717789115
   0.474613456182163   0.001021375253003
   0.473597577115231   0.001043656988534
   0.472581673505465   0.001064569618843
   0.471565746192672   0.001084119767063
   0.470549796016658   0.001102314056330
   0.469533823817229   0.001119159109776
   0.468517830434193   0.001134661550537
   0.467501816707356   0.001148828001746
   0.466485783476524   0.001161665086537
   0.465469731581504   0.001173179428046
   0.464453661862103   0.001183377649405
   0.463437575158128   0.001192266373749
   0.462421472309384   0.001199852224212
   0.461405354155679   0.001206141823929
   0.460389221536819   0.001211141796033
   0.459373075292611   0.001214858763659
   0.458356916262861   0.001217299349941
   0.457340745287376   0.001218470178013
   0.456324563205963   0.001218377871009
   0.455308370858428   0.001217029052064
   0.454292169084578   0.001214430344311
   0.453275958724220   0.001210588370884
   0.452259740617159   0.001205509754919
   0.451243515603203   0.001199201119548
   0.450227284522159   0.001191669087907
   0.449211048213832   0.001182920283129
   0.448194807518030   0.001172961328349
   0.447178563274560   0.001161798846700
   0.446162316323227   0.001149439461317
   0.445146067503838   0.001135889795334
   0.444129817656200   0.001121156471885
   0.443113567620120   0.001105246114105
   0.442097318235404   0.001088165345127
   0.441081070341859   0.001069920788086
   0.440064824779292   0.001050519066115
   0.439048582387508   0.001029966802350
   0.438032344006316   0.001008270619924
   0.437016110475520   0.000985437141971
   0.435999882634929   0.000961472991625
   0.434983661324347   0.000936384792021
   0.433967447383584   0.000910179166293
   0.432951241652443   0.000882862737575
   0.431935044970733   0.000854442129001
   0.430918858178260   0.000824923963706
   0.429902682114831   0.000794314864823
   0.428886517620252   0.000762621455486
   0.427870365534330   0.000729850358831
   0.426854226696871   0.000696008197990
   0.425838101947682   0.000661101596098
   0.424821992126570   0.000625137176290
   0.423805898073341   0.000588121561699
   0.422789820627802   0.000550061375460
   0.421773760629759   0.000510963240706
   0.420757718919019   0.000470833780573
   0.419741696335389   0.000429679618194
   0.418725693718676   0.000387507376702
   0.417709711908686   0.000344323679234
   0.416693751745224   0.000300135148922
   0.415677814068100   0.000254948408900
   0.414661899717118   0.000208770082304
   0.413646009532085   0.000161606792267
   0.412630144352808   0.000113465161923
   0.411614305019094   0.000064351814406
   0.410598492370749   0.000014273372851
   0.409582707247580  -0.000036763539608
   0.408566950489394  -0.000088752299837
   0.407551222935996  -0.000141686284702
   0.406535525427195  -0.000195558871069
   0.405519858802795  -0.000250363435803
   0.404504223902605  -0.000306093355771
   0.403488621566430  -0.000362742007839
   0.402473052634077  -0.000420302768871
   0.401457517945353  -0.000478769015734
   0.400442018340064  -0.000538134125294
   0.399426554658017  -0.000598391474416
   0.398411127739019  -0.000659534439967
   0.397395738422876  -0.000721556398813
   0.396380387549394  -0.000784450727818
   0.395365075958382  -0.000848210803849
   0.394349804489644  -0.000912830003772
   0.393334573982988  -0.000978301704453
   0.392319385278220  -0.001044619282757
   0.391304239215147  -0.001111776115550
   0.390289136633576  -0.001179765579699
   0.389274078373312  -0.001248581052068
   0.388259065274164  -0.001318215909524
   0.387244098175937  -0.001388663528933
   0.386229177918437  -0.001459917287160
   0.385214305341472  -0.001531970561072
   0.384199481284849  -0.001604816727534
   0.383184706588373  -0.001678449163411
   0.382169982091852  -0.001752861245571
   0.381155308635091  -0.001828046350878
   0.380140687057899  -0.001903997856198
   0.379126118200080  -0.001980709138398
   0.378111602901442  -0.002058173574343
   0.377097142001792  -0.002136384540899
   0.376082736340936  -0.002215335414932
   0.375068386758681  -0.002295019573308
   0.374054094094832  -0.002375430392891
   0.373039859189198  -0.002456561250550
   0.372025682881585  -0.002538405523148
   0.371011566011798  -0.002620956587552
   0.369997509419645  -0.002704207820629
   0.368983513944933  -0.002788152599243
   0.367969580427467  -0.002872784300260
   0.366955709707056  -0.002958096300547
   0.365941902623504  -0.003044081976968
   0.364928160016619  -0.003130734706391
   0.363914482726208  -0.003218047865681
   0.362900871592077  -0.003306014831703
   0.361887327454032  -0.003394628981324
   0.360873851151881  -0.003483883691409
   0.359860443525429  -0.003573772338825
   0.358847105414484  -0.003664288300436
   0.357833837658853  -0.003755424953110
   0.356820641098341  -0.003847175673711
   0.355807516572755  -0.003939533839105
   0.354794464921902  -0.004032492826159
   0.353781486985589  -0.004126046011738
   0.352768583514391  -0.004220187022166
   0.351755754497892  -0.004314911611251
   0.350742999540376  -0.004410216609963
   0.349730318243133  -0.004506098857642
   0.348717710207453  -0.004602555193633
   0.347705175034627  -0.004699582457275
   0.346692712325945  -0.004797177487911
   0.345680321682698  -0.004895337124882
   0.344668002706174  -0.004994058207531
   0.343655754997666  -0.005093337575199
   0.342643578158462  -0.005193172067228
   0.341631471789854  -0.005293558522959
   0.340619435493131  -0.005394493781735
   0.339607468869584  -0.005495974682897
   0.338595571520504  -0.005597998065787
   0.337583743047179  -0.005700560769746
   0.336571983050901  -0.005803659634117
   0.335560291132960  -0.005907291498240
   0.334548666894646  -0.006011453201459
   0.333537109937249  -0.006116141583115
   0.332525619862060  -0.006221353482549
   0.331514196270369  -0.006327085739103
   0.330502838763465  -0.006433335192119
   0.329491546942641  -0.006540098680939
   0.328480320409184  -0.006647373044904
   0.327469158764387  -0.006755155123357
   0.326458061609539  -0.006863441755638
   0.325447028545930  -0.006972229781090
   0.324436059174851  -0.007081516039055
   0.323425153097592  -0.007191297368875
   0.322414309915443  -0.007301570609890
   0.321403529229695  -0.007412332601443
   0.320392810641637  -0.007523580182876
   0.319382153752560  -0.007635310193530
   0.318371558163755  -0.007747519472747
   0.317361023476511  -0.007860204859869
   0.316350549292118  -0.007973363194237
   0.315340135211868  -0.008086991315195
   0.314329780837050  -0.008201086062082
   0.313319485768954  -0.008315644274241
   0.312309249608872  -0.008430662791014
   0.311299071958092  -0.008546138451742
   0.310288952417905  -0.008662068095767
   0.309278890589603  -0.008778448562432
   0.308268886074473  -0.008895276691077
   0.307258938473808  -0.009012549321045
   0.306249047388898  -0.009130263291676
   0.305239212421032  -0.009248415442314
   0.304229433171500  -0.009367002612300
   0.303219709241594  -0.009486021640975
   0.302210040232604  -0.009605469367682
   0.301200425745819  -0.009725342631761
   0.300190865382529  -0.009845638272556
   0.299181358744026  -0.009966353129407
   0.298171905431599  -0.010087484041656
   0.297162505046540  -0.010209027848645
   0.296153157190136  -0.010330981389717
   0.295143861463681  -0.010453341504212
   0.294134617468462  -0.010576105031472
   0.293125424805771  -0.010699268810839
   0.292116283076899  -0.010822829681656
   0.291107191883134  -0.010946784483263
   0.290098150825768  -0.011071130055002
   0.289089159506091  -0.011195863236216
   0.288080217525392  -0.011320980866246
   0.287071324484963  -0.011446479784433
   0.286062479986094  -0.011572356830120
   0.285053683630074  -0.011698608842648
   0.284044935018194  -0.011825232661360
   0.283036233751745  -0.011952225125596
   0.282027579432016  -0.012079583074698
   0.281018971660298  -0.012207303348009
   0.280010410037881  -0.012335382784870
   0.279001894166055  -0.012463818224622
   0.277993423646111  -0.012592606506609
   0.276984998079339  -0.012721744470170
   0.275976617067028  -0.012851228954649
   0.274968280210470  -0.012981056799386
   0.273959987110955  -0.013111224843725
   0.272951737369773  -0.013241729927005
   0.271943530588214  -0.013372568888570
   0.270935366367568  -0.013503738567761
   0.269927244309126  -0.013635235803919
   0.268919164014178  -0.013767057436387
   0.267911125084014  -0.013899200304506
   0.266903127119924  -0.014031661247618
   0.265895169723200  -0.014164437105064
   0.264887252495130  -0.014297524716187
   0.263879375037005  -0.014430920920329
   0.262871536950116  -0.014564622556830
   0.261863737835752  -0.014698626465033
   0.260855977295205  -0.014832929484280
   0.259848254929764  -0.014967528453912
   0.258840570340719  -0.015102420213271
   0.257832923129361  -0.015237601601699
   0.256825312896980  -0.015373069458538
   0.255817739244867  -0.015508820623128
   0.254810201774310  -0.015644851934813
   0.253802700086602  -0.015781160232934
   0.252795233783032  -0.015917742356832
   0.251787802464890  -0.016054595145850
   0.250780405733467  -0.016191715439329
   0.249773043190052  -0.016329100076611
   0.248765714435937  -0.016466745897038
   0.247758419072411  -0.016604649739951
   0.246751156700765  -0.016742808444692
   0.245743926922288  -0.016881218850603
   0.244736729338272  -0.017019877797026
   0.243729563550006  -0.017158782123302
   0.242722429158781  -0.017297928668774
   0.241715325765886  -0.017437314272782
   0.240708252972613  -0.017576935774670
   0.239701210380251  -0.017716790013778
   0.238694197590091  -0.017856873829448
   0.237687214203423  -0.017997184061022
   0.236680259821537  -0.018137717547842
   0.235673334045724  -0.018278471129250
   0.234666436477273  -0.018419441644587
   0.233659566717475  -0.018560625933195
   0.232652724367621  -0.018702020834416
   0.231645909029000  -0.018843623187591
   0.230639120302902  -0.018985429832063
   0.229632357790619  -0.019127437607174
   0.228625621093440  -0.019269643352264
   0.227618909812656  -0.019412043906675
   0.226612223549556  -0.019554636109750
   0.225605561905432  -0.019697416800831
   0.224598924481573  -0.019840382819258
   0.223592310879269  -0.019983531004374
   0.222585720699811  -0.020126858195521
   0.221579153544490  -0.020270361232039
   0.220572609014594  -0.020414036953272
   0.219566086711416  -0.020557882198561
   0.218559586236244  -0.020701893807247
   0.217553107190369  -0.020846068618672
   0.216546649175082  -0.020990403472179
   0.215540211791672  -0.021134895207108
   0.214533794641430  -0.021279540662802
   0.213527397325647  -0.021424336678602
   0.212521019445612  -0.021569280093850
   0.211514660602615  -0.021714367747888
   0.210508320397948  -0.021859596480058
   0.209501998432899  -0.022004963129701
   0.208495694308761  -0.022150464536159
   0.207489407626822  -0.022296097538774
   0.206483137988372  -0.022441858976888
   0.205476884994704  -0.022587745689843
   0.204470648247105  -0.022733754516979
   0.203464427346868  -0.022879882297639
   0.202458221895281  -0.023026125871166
   0.201452031493636  -0.023172482076899
   0.200445855743222  -0.023318947754182
   0.199439694245330  -0.023465519742356
   0.198433546601250  -0.023612194880763
   0.197427412412272  -0.023758970008744
   0.196421291279687  -0.023905841965641
   0.195415182804785  -0.024052807590797
   0.194409086588856  -0.024199863723552
   0.193403002233190  -0.024347007203249
   0.192396929339078  -0.024494234869229
   0.191390867507810  -0.024641543560835
   0.190384816340676  -0.024788930117407
   0.189378775438966  -0.024936391378288
   0.188372744403971  -0.025083924182819
   0.187366722836980  -0.025231525370342
   0.186360710339285  -0.025379191780200
   0.185354706512176  -0.025526920251733
   0.184348710956942  -0.025674707624283
   0.183342723274874  -0.025822550737193
   0.182336743067262  -0.025970446429803
   0.181330769935397  -0.026118391541456
   0.180324803480568  -0.026266382911494
   0.179318843304066  -0.026414417379258
   0.178312889007182  -0.026562491784090
   0.177306940191205  -0.026710602965332
   0.176300996457426  -0.026858747762325
   0.175295057407135  -0.027006923014412
   0.174289122641622  -0.027155125560933
   0.173283191762178  -0.027303352241232
   0.172277264370092  -0.027451599894649
   0.171271340066656  -0.027599865360526
   0.170265418453158  -0.027748145478205
   0.169259499130891  -0.027896437087029
   0.168253581701143  -0.028044737026337
   0.167247665765205  -0.028193042135474
   0.166241750924368  -0.028341349253779
   0.165235836779921  -0.028489655220596
   0.164229922933155  -0.028637956875265
   0.163224008985361  -0.028786251057128
   0.162218094537827  -0.028934534605528
   0.161212179191845  -0.029082804359805
   0.160206262548706  -0.029231057159302
   0.159200344209698  -0.029379289843361
   0.158194423776113  -0.029527499251323
   0.157188500849240  -0.029675682222530
   0.156182575030371  -0.029823835596324
   0.155176645920794  -0.029971956212046
   0.154170713121801  -0.030120040909039
   0.153164776234682  -0.030268086526644
   0.152158834860727  -0.030416089904202
   0.151152888601225  -0.030564047881056
   0.150146937057469  -0.030711957296547
   0.149140979830747  -0.030859814990018
   0.148135016522350  -0.031007617800809
   0.147129046733569  -0.031155362568263
   0.146123070065693  -0.031303046131721
   0.145117086120012  -0.031450665330526
   0.144111094497818  -0.031598217004018
   0.143105094800400  -0.031745697991540
   0.142099086629049  -0.031893105132434
   0.141093069585055  -0.032040435266040
   0.140087043269707  -0.032187685231702
   0.139081007284297  -0.032334851868760
   0.138074961230115  -0.032481932016557
   0.137068904708450  -0.032628922514434
   0.136062837320594  -0.032775820201733
   0.135056758667836  -0.032922621917796
   0.134050668351466  -0.033069324501964
   0.133044565972775  -0.033215924793580
   0.132038451133054  -0.033362419631984
   0.131032323433592  -0.033508805856520
   0.130026182475680  -0.033655080306528
   0.129020027860607  -0.033801239821350
   0.128013859189665  -0.033947281240329
   0.127007676064143  -0.034093201402805
   0.126001478085332  -0.034238997148121
   0.124995264854522  -0.034384665315618
   0.123989035973003  -0.034530202744639
   0.122982791042066  -0.034675606274524
   0.121976529663000  -0.034820872744616
   0.120970251437097  -0.034965998994256
   0.119963955965645  -0.035110981862787
   0.118957642849937  -0.035255818189550
   0.117951311691261  -0.035400504813886
   0.116944962090908  -0.035545038575138
   0.115938593650168  -0.035689416312647
   0.114932205970332  -0.035833634865755
   0.113925798652689  -0.035977691073803
   0.112919371298531  -0.036121581776135
   0.111912923509147  -0.036265303812090
   0.110906454885828  -0.036408854021012
   0.109899965029864  -0.036552229242241
   0.108893453542544  -0.036695426315120
   0.107886920025160  -0.036838442078991
   0.106880364079002  -0.036981273373194
   0.105873785305359  -0.037123917037072
   0.104867183305523  -0.037266369909967
   0.103860557680783  -0.037408628831220
   0.102853908032430  -0.037550690640174
   0.101847233961754  -0.037692552176169
   0.100840535070045  -0.037834210278548
   0.099833810958593  -0.037975661786652
   0.098827061228689  -0.038116903539824
   0.097820285481623  -0.038257932377404
   0.096813483318685  -0.038398745138736
   0.095806654341166  -0.038539338663159
   0.094799798150356  -0.038679709790017
   0.093792914347544  -0.038819855358651
   0.092786002534022  -0.038959772208403
   0.091779062311079  -0.039099457178614
   0.090772093280006  -0.039238907108627
   0.089765095042093  -0.039378118837782
   0.088758067198630  -0.039517089205422
   0.087751009350908  -0.039655815050889
   0.086743921100217  -0.039794293213525
   0.085736802047847  -0.039932520532670
   0.084729651795088  -0.040070493847667
   0.083722469943231  -0.040208209997858
   0.082715256093565  -0.040345665822584
   0.081708009847382  -0.040482858161187
   0.080700730805971  -0.040619783853009
   0.079693418570623  -0.040756439737392
   0.078686072742627  -0.040892822653678
   0.077678692923275  -0.041028929441207
   0.076671278713856  -0.041164756939322
   0.075663829715661  -0.041300301987366
   0.074656345529979  -0.041435561424678
   0.073648825758102  -0.041570532090602
   0.072641270001319  -0.041705210824479
   0.071633677860922  -0.041839594465650
   0.070626048938199  -0.041973679853458
   0.069618382834441  -0.042107463827245
   0.068610679150938  -0.042240943226351
   0.067602937488982  -0.042374114890119
   0.066595157449861  -0.042506975657891
   0.065587338634867  -0.042639522369008
   0.064579480645289  -0.042771751862813
   0.063571583082418  -0.042903660978646
   0.062563645547544  -0.043035246555849
   0.061555667641957  -0.043166505433765
   0.060547648966948  -0.043297434451735
   0.059539589123807  -0.043428030449102
   0.058531487713823  -0.043558290265205
   0.057523344338288  -0.043688210739388
   0.056515158598492  -0.043817788710993
   0.055506930095724  -0.043947021019360
   0.054498658431276  -0.044075904503832
   0.053490343206437  -0.044204436003750
   0.052481984022497  -0.044332612358457
   0.051473580480748  -0.044460430407294
   0.050465132182478  -0.044587886989602
   0.049456638728979  -0.044714978944724
   0.048448099721541  -0.044841703112001
   0.047439514761453  -0.044968056330776
   0.046430883450007  -0.045094035440389
   0.045422205388492  -0.045219637280182
   0.044413480178199  -0.045344858689498
   0.043404707420418  -0.045469696507678
   0.042395886716439  -0.045594147574064
   0.041387017667553  -0.045718208727998
   0.040378099875049  -0.045841876808821
   0.039369132940218  -0.045965148655875
   0.038360116464350  -0.046088021108501
   0.037351050048736  -0.046210491006043
   0.036341933294666  -0.046332555187841
   0.035332765803430  -0.046454210493237
   0.034323547176318  -0.046575453761573
   0.033314277014621  -0.046696281832191
   0.032304954919628  -0.046816691544432
   0.031295580492630  -0.046936679737639
   0.030286153334918  -0.047056243251152
   0.029276673047782  -0.047175378924315
   0.028267139232511  -0.047294083596467
   0.027257551490396  -0.047412354106952
   0.026247909422728  -0.047530187295111
   0.025238212630796  -0.047647580000286
   0.024228460715891  -0.047764529061819
   0.023218653279304  -0.047881031319050
   0.022208789922323  -0.047997083611323
   0.021198870246241  -0.048112682777979
   0.020188893852346  -0.048227825658359
   0.019178860341929  -0.048342509091806
   0.018168769316281  -0.048456729917661
   0.017158620376692  -0.048570484975265
   0.016148413124451  -0.048683771103962
   0.015138147160850  -0.048796585143092
   0.014127822087178  -0.048908923931996
   0.013117437504726  -0.049020784310018
   0.012106993014784  -0.049132163116499
   0.011096488218642  -0.049243057190780
   0.010085922717591  -0.049353463372203
   0.009075296112920  -0.049463378500111
   0.008064608005920  -0.049572799413844
   0.007053857997882  -0.049681722952744
   0.006043045690095  -0.049790145956154
   0.005032170683850  -0.049898065263415
   0.004021232580438  -0.050005477713868
   0.003010230981147  -0.050112380146857
   0.001999165487269  -0.050218769401721
   0.000988035700094  -0.050324642317804
  -0.000023158779088  -0.050429995734447
  -0.001034418202537  -0.050534826706328
  -0.002045742266542  -0.050639133105624
  -0.003057130535470  -0.050742912998483
  -0.004068582573689  -0.050846164451053
  -0.005080097945569  -0.050948885529482
  -0.006091676215478  -0.051051074299918
  -0.007103316947784  -0.051152728828508
  -0.008115019706856  -0.051253847181401
  -0.009126784057064  -0.051354427424745
  -0.010138609562774  -0.051454467624687
  -0.011150495788357  -0.051553965847375
  -0.012162442298180  -0.051652920158957
  -0.013174448656612  -0.051751328625581
  -0.014186514428021  -0.051849189313395
  -0.015198639176778  -0.051946500288547
  -0.016210822467249  -0.052043259617184
  -0.017223063863803  -0.052139465365455
  -0.018235362930810  -0.052235115599508
  -0.019247719232637  -0.052330208385489
  -0.020260132333654  -0.052424741789548
  -0.021272601798228  -0.052518713877832
  -0.022285127190729  -0.052612122716489
  -0.023297708075525  -0.052704966371667
  -0.024310344016985  -0.052797242909514
  -0.025323034579477  -0.052888950396177
  -0.026335779327370  -0.052980086897805
  -0.027348577825032  -0.053070650480545
  -0.028361429636833  -0.053160639210545
  -0.029374334327140  -0.053250051153954
  -0.030387291460322  -0.053338884376918
  -0.031400300600748  -0.053427136945587
  -0.032413361312787  -0.053514806926107
  -0.033426473160807  -0.053601892384627
  -0.034439635709176  -0.053688391387295
  -0.035452848522264  -0.053774302000258
  -0.036466111164438  -0.053859622289665
  -0.037479423200068  -0.053944350321663
  -0.038492784193522  -0.054028484162400
  -0.039506193709169  -0.054112021878024
  -0.040519651311377  -0.054194961534683
  -0.041533156564514  -0.054277301198524
  -0.042546709032950  -0.054359038935697
  -0.043560308281053  -0.054440172812348
  -0.044573953873192  -0.054520700894625
  -0.045587645373735  -0.054600621248677
  -0.046601382347050  -0.054679931940651
  -0.047615164357508  -0.054758631036695
  -0.048628990969475  -0.054836716602957
  -0.049642861747320  -0.054914186705585
  -0.050656776255413  -0.054991039410727
  -0.051670734058122  -0.055067272784531
  -0.052684734719815  -0.055142884893144
  -0.053698777804861  -0.055217873802714
  -0.054712862877628  -0.055292237579390
  -0.055726989502486  -0.055365974289319
  -0.056741157243803  -0.055439081998649
  -0.057755365665947  -0.055511558773528
  -0.058769614333286  -0.055583402680104
  -0.059783902810191  -0.055654611784525
  -0.060798230661028  -0.055725184152938
  -0.061812597450168  -0.055795117851492
  -0.062827002741977  -0.055864410946334
  -0.063841446100826  -0.055933061503612
  -0.064855927091082  -0.056001067589475
  -0.065870445277114  -0.056068427270070
  -0.066885000223291  -0.056135138611545
  -0.067899591493982  -0.056201199680047
  -0.068914218653554  -0.056266608541725
  -0.069928881266377  -0.056331363262727
  -0.070943578896819  -0.056395461909201
  -0.071958311109248  -0.056458902547293
  -0.072973077468034  -0.056521683243153
  -0.073987877537545  -0.056583802062929
  -0.075002710882149  -0.056645257072767
  -0.076017577066216  -0.056706046338816
  -0.077032475654113  -0.056766167927224
  -0.078047406210209  -0.056825619904139
  -0.079062368298874  -0.056884400335708
  -0.080077361484475  -0.056942507288080
  -0.081092385331380  -0.056999938827402
  -0.082107439403960  -0.057056693019822
  -0.083122523266582  -0.057112767931488
  -0.084137636483615  -0.057168161628549
  -0.085152778619427  -0.057222872177151
  -0.086167949238387  -0.057276897643443
  -0.087183147904864  -0.057330236093573
  -0.088198374183226  -0.057382885593688
  -0.089213627637842  -0.057434844209937
  -0.090228907833081  -0.057486110008467
  -0.091244214333310  -0.057536681055427
  -0.092259546702899  -0.057586555416963
  -0.093274904506217  -0.057635731159225
  -0.094290287307631  -0.057684206348359
  -0.095305694671511  -0.057731979050514
  -0.096321126162225  -0.057779047331838
  -0.097336581344141  -0.057825409258478
  -0.098352059781629  -0.057871062896582
  -0.099367561039056  -0.057916006312299
  -0.100383084680792  -0.057960237571776
  -0.101398630271205  -0.058003754741162
  -0.102414197374663  -0.058046555886603
  -0.103429785555536  -0.058088639074248
  -0.104445394378191  -0.058130002370245
  -0.105461023406998  -0.058170643840741
  -0.106476672206325  -0.058210561551885
  -0.107492340340540  -0.058249753569824
  -0.108508027374013  -0.058288217960707
  -0.109523732871111  -0.058325952790680
  -0.110539456396204  -0.058362956125893
  -0.111555197513660  -0.058399226032493
  -0.112570955787847  -0.058434760576627
  -0.113586730783135  -0.058469557824444
  -0.114602522063891  -0.058503615842092
  -0.115618329194485  -0.058536932695718
  -0.116634151739284  -0.058569506451471
  -0.117649989262658  -0.058601335175498
  -0.118665841328976  -0.058632416933947
  -0.119681707502605  -0.058662749792966
  -0.120697587347914  -0.058692331818703
  -0.121713480429273  -0.058721161077305
  -0.122729386311048  -0.058749235634922
  -0.123745304557610  -0.058776553557700
  -0.124761234733327  -0.058803112911787
  -0.125777176402567  -0.058828911763332
  -0.126793129129699  -0.058853948178482
  -0.127809092479092  -0.058878220223385
  -0.128825066015113  -0.058901725964189
  -0.129841049302133  -0.058924463467042
  -0.130857041904518  -0.058946430798092
  -0.131873043386639  -0.058967626023486
  -0.132889053312863  -0.058988047209373
  -0.133905071247559  -0.059007692421900
  -0.134921096755096  -0.059026559727216
  -0.135937129399842  -0.059044647191468
  -0.136953168746166  -0.059061952880804
  -0.137969214358437  -0.059078474861372
  -0.138985265801023  -0.059094211199319
  -0.140001322638292  -0.059109159960795
  -0.141017384434613  -0.059123319211946
  -0.142033450754356  -0.059136687018921
  -0.143049521161888  -0.059149261447867
  -0.144065595221578  -0.059161040564932
  -0.145081672497794  -0.059172022436264
  -0.146097752554906  -0.059182205128012
  -0.147113834957282  -0.059191586706322
  -0.148129919269290  -0.059200165237344
  -0.149146005055300  -0.059207938787224
  -0.150162091879678  -0.059214905422110
  -0.151178179306795  -0.059221063208151
  -0.152194266901020  -0.059226410211495
  -0.153210354226719  -0.059230944498289
  -0.154226440848262  -0.059234664134680
  -0.155242526330018  -0.059237567186818
  -0.156258610236356  -0.059239651720850
  -0.157274692131643  -0.059240915802924
  -0.158290771580248  -0.059241357499187
  -0.159306848146541  -0.059240974875788
  -0.160322921394889  -0.059239765998874
  -0.161338990889661  -0.059237728934594
  -0.162355056195226  -0.059234861749095
  -0.163371116875953  -0.059231162508525
  -0.164387172496209  -0.059226629279032
  -0.165403222620365  -0.059221260126764
  -0.166419266812787  -0.059215053117868
  -0.167435304637845  -0.059208006318494
  -0.168451335659907  -0.059200117794788
  -0.169467359443343  -0.059191385612898
  -0.170483375552520  -0.059181807838973
  -0.171499383551807  -0.059171382539159
  -0.172515383005573  -0.059160107779606
  -0.173531373478186  -0.059147981626461
  -0.174547354534015  -0.059135002145872
  -0.175563325737429  -0.059121167403986
  -0.176579286652796  -0.059106475466953
  -0.177595236844485  -0.059090924400918
  -0.178611175876864  -0.059074512272031
  -0.179627103314302  -0.059057237146440
  -0.180643018721168  -0.059039097090291
  -0.181658921661829  -0.059020090169734
  -0.182674811700656  -0.059000214450915
  -0.183690688402015  -0.058979467999984
  -0.184706551330277  -0.058957848883087
  -0.185722400049809  -0.058935355166373
  -0.186738234124980  -0.058911984915989
  -0.187754053120159  -0.058887736198083
  -0.188769856599715  -0.058862607078804
  -0.189785644128015  -0.058836595624299
  -0.190801415269429  -0.058809699900716
  -0.191817169592028  -0.058781918074592
  -0.192832906756321  -0.058753250818321
  -0.193848626519480  -0.058723701424697
  -0.194864328643224  -0.058693273309825
  -0.195880012889273  -0.058661969889809
  -0.196895679019349  -0.058629794580755
  -0.197911326795170  -0.058596750798766
  -0.198926955978457  -0.058562841959949
  -0.199942566330929  -0.058528071480407
  -0.200958157614308  -0.058492442776245
  -0.201973729590312  -0.058455959263569
  -0.202989282020662  -0.058418624358483
  -0.204004814667078  -0.058380441477091
  -0.205020327291280  -0.058341414035499
  -0.206035819654987  -0.058301545449811
  -0.207051291519922  -0.058260839136133
  -0.208066742647801  -0.058219298510568
  -0.209082172800348  -0.058176926989222
  -0.210097581739280  -0.058133727988199
  -0.211112969226319  -0.058089704923604
  -0.212128335023184  -0.058044861211543
  -0.213143678891595  -0.057999200268119
  -0.214159000593272  -0.057952725509438
  -0.215174299889936  -0.057905440351604
  -0.216189576543307  -0.057857348210722
  -0.217204830315103  -0.057808452502897
  -0.218220060967047  -0.057758756644234
  -0.219235268260857  -0.057708264050837
  -0.220250451958253  -0.057656978138812
  -0.221265611820957  -0.057604902324262
  -0.222280747610687  -0.057552040023294
  -0.223295859089163  -0.057498394652011
  -0.224310946018107  -0.057443969626518
  -0.225326008159237  -0.057388768362920
  -0.226341045274274  -0.057332794277322
  -0.227356057124939  -0.057276050785829
  -0.228371043472950  -0.057218541304546
  -0.229386004080028  -0.057160269249576
  -0.230400938707893  -0.057101238037026
  -0.231415847118265  -0.057041451083000
  -0.232430729072865  -0.056980911803602
  -0.233445584333411  -0.056919623614937
  -0.234460412661625  -0.056857589933111
  -0.235475213819226  -0.056794814174228
  -0.236489987567935  -0.056731299754392
  -0.237504733669470  -0.056667050089709
  -0.238519451885554  -0.056602068596283
  -0.239534141977904  -0.056536358690219
  -0.240548803708242  -0.056469923787622
  -0.241563436838288  -0.056402767304597
  -0.242578041129761  -0.056334892657248
  -0.243592616344382  -0.056266303261680
  -0.244607162243870  -0.056197002533998
  -0.245621678589947  -0.056126993890307
  -0.246636165144330  -0.056056280746712
  -0.247650621668742  -0.055984866519317
  -0.248665047924902  -0.055912754624226
  -0.249679443674529  -0.055839948477546
  -0.250693808679345  -0.055766451495381
  -0.251708142701068  -0.055692267093834
  -0.252722445501419  -0.055617398689012
  -0.253736716842119  -0.055541849697019
  -0.254750956484886  -0.055465623533960
  -0.255765164191442  -0.055388723615939
  -0.256779339723506  -0.055311153359062
  -0.257793482842798  -0.055232916179433
  -0.258807593311038  -0.055154015493156
  -0.259821670889947  -0.055074454716338
  -0.260835715341244  -0.054994237265081
  -0.261849726426649  -0.054913366555492
  -0.262863703907883  -0.054831846003675
  -0.263877647546665  -0.054749679025735
  -0.264891557104716  -0.054666869037776
  -0.265905432343755  -0.054583419455904
  -0.266919273025504  -0.054499333696223
  -0.267933078911680  -0.054414615174838
  -0.268946849764006  -0.054329267307853
  -0.269960585344200  -0.054243293511374
  -0.270974285413983  -0.054156697201505
  -0.271987949735074  -0.054069481794351
  -0.273001578069195  -0.053981650706017
  -0.274015170178065  -0.053893207352608
  -0.275028725823403  -0.053804155150228
  -0.276042244766931  -0.053714497514982
  -0.277055726770368  -0.053624237862975
  -0.278069171595433  -0.053533379610312
  -0.279082579003848  -0.053441926173097
  -0.280095948757332  -0.053349880967436
  -0.281109280617606  -0.053257247409432
  -0.282122574346388  -0.053164028915192
  -0.283135829705400  -0.053070228900819
  -0.284149046456361  -0.052975850782418
  -0.285162224360992  -0.052880897976095
  -0.286175363181012  -0.052785373897954
  -0.287188462678142  -0.052689281964099
  -0.288201522614101  -0.052592625590636
  -0.289214542750609  -0.052495408193669
  -0.290227522849388  -0.052397633189303
  -0.291240462672156  -0.052299303993643
  -0.292253361980633  -0.052200424022794
  -0.293266220536541  -0.052100996692860
  -0.294279038101598  -0.052001025419947
  -0.295291814437525  -0.051900513620158
  -0.296304549306042  -0.051799464709599
  -0.297317242468869  -0.051697882104375
  -0.298329893687725  -0.051595769220590
  -0.299342502724332  -0.051493129474349
  -0.300355069340409  -0.051389966281757
  -0.301367593297676  -0.051286283058919
  -0.302380074357853  -0.051182083221939
  -0.303392512282661  -0.051077370186922
  -0.304404906833818  -0.050972147369973
  -0.305417257773046  -0.050866418187198
  -0.306429564862064  -0.050760186054699
  -0.307441827862593  -0.050653454388583
  -0.308454046536352  -0.050546226604954
  -0.309466220645061  -0.050438506119918
  -0.310478349950441  -0.050330296349577
  -0.311490434214211  -0.050221600710039
  -0.312502473198092  -0.050112422617406
  -0.313514466663804  -0.050002765487785
  -0.314526414373066  -0.049892632737279
  -0.315538316087599  -0.049782027781994
  -0.316550171569122  -0.049670954038034
  -0.317561980579357  -0.049559414921504
  -0.318573742880022  -0.049447413848510
  -0.319585458232838  -0.049334954235155
  -0.320597126399525  -0.049222039497545
  -0.321608747141804  -0.049108673051783
  -0.322620320221392  -0.048994858313976
  -0.323631845400013  -0.048880598700228
  -0.324643322439384  -0.048765897626643
  -0.325654751101226  -0.048650758509327
  -0.326666131147260  -0.048535184764384
  -0.327677462339205  -0.048419179807919
  -0.328688744438781  -0.048302747056037
  -0.329699977207708  -0.048185889924842
  -0.330711160407707  -0.048068611830439
  -0.331722293800497  -0.047950916188934
  -0.332733377147799  -0.047832806416430
  -0.333744410211332  -0.047714285929033
  -0.334755392752816  -0.047595358142847
  -0.335766324533973  -0.047476026473978
  -0.336777205316520  -0.047356294338530
  -0.337788034862180  -0.047236165152607
  -0.338798812932671  -0.047115642332315
  -0.339809539289714  -0.046994729293758
  -0.340820213695029  -0.046873429453041
  -0.341830835910335  -0.046751746226270
  -0.342841405697354  -0.046629683029548
  -0.343851922817804  -0.046507243278980
  -0.344862387033407  -0.046384430390671
  -0.345872798105881  -0.046261247780727
  -0.346883155796947  -0.046137698865251
  -0.347893459868326  -0.046013787060349
  -0.348903710081736  -0.045889515782125
  -0.349913906198899  -0.045764888446685
  -0.350924047981534  -0.045639908470132
  -0.351934135191362  -0.045514579268572
  -0.352944167590102  -0.045388904258109
  -0.353954144890322  -0.045262886608556
  -0.354964064695774  -0.045136518922715
  -0.355973921750360  -0.045009779473065
  -0.356983710594242  -0.044882645511166
  -0.357993425767583  -0.044755094288577
  -0.359003061810545  -0.044627103056857
  -0.360012613263288  -0.044498649067567
  -0.361022074665977  -0.044369709572265
  -0.362031440558771  -0.044240261822510
  -0.363040705481834  -0.044110283069863
  -0.364049863975327  -0.043979750565882
  -0.365058910579412  -0.043848641562127
  -0.366067839834252  -0.043716933310157
  -0.367076646280008  -0.043584603061532
  -0.368085324456842  -0.043451628067811
  -0.369093868904916  -0.043317985580553
  -0.370102274164392  -0.043183652851319
  -0.371110534775433  -0.043048607131666
  -0.372118645278199  -0.042912825673155
  -0.373126600212854  -0.042776285727345
  -0.374134394119558  -0.042638964545796
  -0.375142021538475  -0.042500839380066
  -0.376149477009766  -0.042361887481715
  -0.377156755073593  -0.042222086102303
  -0.378163850270117  -0.042081412493389
  -0.379170757139502  -0.041939843906532
  -0.380177470221908  -0.041797357593292
  -0.381183984057499  -0.041653930805228
  -0.382190293186435  -0.041509540793899
  -0.383196392148879  -0.041364164810865
  -0.384202275484993  -0.041217780107686
  -0.385207937734938  -0.041070363935920
  -0.386213373438878  -0.040921893547127
  -0.387218577136973  -0.040772346192866
  -0.388223543369386  -0.040621699124698
  -0.389228266676279  -0.040469929594180
  -0.390232741597813  -0.040317014852873
  -0.391236962674151  -0.040162932152337
  -0.392240924445455  -0.040007658744129
  -0.393244621451886  -0.039851171879810
  -0.394248048233607  -0.039693448810940
  -0.395251199330779  -0.039534466789076
  -0.396254069283565  -0.039374203065780
  -0.397256652632126  -0.039212634892610
  -0.398258943916625  -0.039049739521126
  -0.399260937677224  -0.038885494202887
  -0.400262628454083  -0.038719876189452
  -0.401264010787366  -0.038552862732381
  -0.402265079217235  -0.038384431083233
  -0.403265828283851  -0.038214558493568
  -0.404266252527377  -0.038043222214945
  -0.405266346487973  -0.037870399498924
  -0.406266104705803  -0.037696067597063
  -0.407265521721028  -0.037520203760922
  -0.408264592073811  -0.037342785242061
  -0.409263310304313  -0.037163789292039
  -0.410261670952696  -0.036983193162415
  -0.411259668559122  -0.036800974104749
  -0.412257297663753  -0.036617109370600
  -0.413254552806752  -0.036431576211527
  -0.414251428528279  -0.036244351879091
  -0.415247919368498  -0.036055413624849
  -0.416244019867570  -0.035864738700363
  -0.417239724565656  -0.035672304357190
  -0.418235028002920  -0.035478087846891
  -0.419229924719523  -0.035282066421025
  -0.420224409255627  -0.035084217331150
  -0.421218476151394  -0.034884517828828
  -0.422212119946985  -0.034682945165616
  -0.423205335182564  -0.034479476593075
  -0.424198116398291  -0.034274089362764
  -0.425190458134330  -0.034066760726241
  -0.426182354930841  -0.033857467935068
  -0.427173801327987  -0.033646188240802
  -0.428164791865930  -0.033432898895003
  -0.429155321084831  -0.033217577149232
  -0.430145383524853  -0.033000200255046
  -0.431134973726158  -0.032780745464006
  -0.432124086228908  -0.032559190027670
  -0.433112715573265  -0.032335511197599
  -0.434100856299390  -0.032109686225352
  -0.435088502947445  -0.031881692362487
  -0.436075650057593  -0.031651506860565
  -0.437062292169996  -0.031419106971145
  -0.438048423824816  -0.031184469945786
  -0.439034039562214  -0.030947573036048
  -0.440019133922352  -0.030708393493489
  -0.441003701445393  -0.030466908569670
  -0.441987736671498  -0.030223095516150
  -0.442971234140830  -0.029976931584488
  -0.443954188393550  -0.029728394026243
  -0.444936593969821  -0.029477460092975
  -0.445918445409804  -0.029224107036244
  -0.446899737253662  -0.028968312107608
  -0.447880464041555  -0.028710052558627
  -0.448860620313647  -0.028449305640861
  -0.449840200610099  -0.028186048605869
  -0.450819199471074  -0.027920258705209
  -0.451797611436733  -0.027651913190443
  -0.452775431047238  -0.027380989313128
  -0.453752652842751  -0.027107464324825
  -0.454729271363434  -0.026831315477093
  -0.455705281149449  -0.026552520021491
  -0.456680676740959  -0.026271055209578
  -0.457655452678125  -0.025986898292914
  -0.458629603501108  -0.025700026523059
  -0.459603123750072  -0.025410417151571
  -0.460576007965178  -0.025118047430011
  -0.461548250686587  -0.024822894609937
  -0.462519838655567  -0.024524914583723
  -0.463490674664343  -0.024223833328761
  -0.464460610370600  -0.023919236777980
  -0.465429496705970  -0.023610708875847
  -0.466397184602088  -0.023297833566828
  -0.467363524990587  -0.022980194795392
  -0.468328368803103  -0.022657376506004
  -0.469291566971267  -0.022328962643132
  -0.470252970426715  -0.021994537151242
  -0.471212430101080  -0.021653683974801
  -0.472169796925996  -0.021305987058276
  -0.473124921833097  -0.020951030346134
  -0.474077655754017  -0.020588397782842
  -0.475027849620390  -0.020217673312867
  -0.475975354363850  -0.019838440880675
  -0.476920020916030  -0.019450284430733
  -0.477861700208565  -0.019052787907508
  -0.478800243173088  -0.018645535255467
  -0.479735500741233  -0.018228110419078
  -0.480667323844635  -0.017800097342806
  -0.481595563414926  -0.017361079971118
  -0.482520070383742  -0.016910642248482
  -0.483440695682715  -0.016448368119365
  -0.484357290243481  -0.015973841528232
  -0.485269704997672  -0.015486646419551
  -0.486177790876922  -0.014986366737790
  -0.487081398812866  -0.014472586427414
  -0.487980379737138  -0.013944889432890
  -0.488874584581371  -0.013402859698686
  -0.489763864277199  -0.012846081169268
  -0.490648064084353  -0.012274136762366
  -0.491525499269143  -0.011686332433593
  -0.492390894585665  -0.011081324177691
  -0.493238460314544  -0.010457674858506
  -0.494062406736409  -0.009813947339884
  -0.494856944131887  -0.009148704485669
  -0.495616282781605  -0.008460509159707
  -0.496334632966190  -0.007747924225844
  -0.497006204966270  -0.007009512547924
  -0.497625209062472  -0.006243836989794
  -0.498185855535423  -0.005449460415299
  -0.498682354665751  -0.004624945688284
  -0.499108916734083  -0.003768855672594
  -0.499459752021047  -0.002879753232076
  -0.499729070807269  -0.001956201230574
  -0.499911083373378  -0.000996762531933
  -0.500000000000000                   0